#
#  The file was generated by the OpenMX Viewer

#  Bravais lattice type: ORC
#  Reciprocal vector b1 (1/Ang):      0.73231      0.00000      0.00000 
#  Reciprocal vector b2 (1/Ang):      0.00000      0.49125      0.00000 
#  Reciprocal vector b3 (1/Ang):      0.00000      0.00000      0.98248 

System.CurrrentDirectory         ./
System.Name                     3layer
level.of.stdout                   1
level.of.fileout                  1

DATA.PATH                   /home/k0171/k017140/openmx3.9/DFT_DATA19

Species.Number                     1
<Definition.of.Atomic.Species
  Fe    Fe5.5H-s3p2d1     Fe_PBE19H
Definition.of.Atomic.Species>

Atoms.Number                       60
Atoms.SpeciesAndCoordinates.Unit   Ang
<Atoms.SpeciesAndCoordinates
1	Fe	0.0000000	12.7895326	6.3143007	9.0	7.0
2	Fe	2.8599971	12.7895326	6.3143007	9.0	7.0
3	Fe	5.7200029	12.7895326	6.3143007	9.0	7.0
4	Fe	0.0000000	3.6874435	1.2395177	9.0	7.0
5	Fe	2.8599971	3.6874435	1.2395177	9.0	7.0
6	Fe	5.7200029	3.6874435	1.2395177	9.0	7.0
7	Fe	0.0000000	5.1746996	3.8822062	9.0	7.0
8	Fe	2.8599971	5.1746996	3.8822062	9.0	7.0
9	Fe	5.7200029	5.1746996	3.8822062	9.0	7.0
10	Fe	0.0000000	1.2180203	2.5152322	9.0	7.0
11	Fe	2.8599971	1.2180203	2.5152322	9.0	7.0
12	Fe	5.7200029	1.2180203	2.5152322	9.0	7.0
13	Fe	0.0000000	2.7059159	5.1599671	9.0	7.0
14	Fe	2.8599971	2.7059159	5.1599671	9.0	7.0
15	Fe	5.7200029	2.7059159	5.1599671	9.0	7.0
16	Fe	1.4300029	1.8576632	0.6215495	9.0	7.0
17	Fe	4.2900000	1.8576632	0.6215495	9.0	7.0
18	Fe	7.1499971	1.8576632	0.6215495	9.0	7.0
19	Fe	1.4300029	5.3615659	1.9607044	9.0	7.0
20	Fe	4.2900000	5.3615659	1.9607044	9.0	7.0
21	Fe	7.1499971	5.3615659	1.9607044	9.0	7.0
22	Fe	1.4300029	1.0326888	4.4374374	9.0	7.0
23	Fe	4.2900000	1.0326888	4.4374374	9.0	7.0
24	Fe	7.1499971	1.0326888	4.4374374	9.0	7.0
25	Fe	1.4300029	3.1964239	3.1990069	9.0	7.0
26	Fe	4.2900000	3.1964239	3.1990069	9.0	7.0
27	Fe	7.1499971	3.1964239	3.1990069	9.0	7.0
28	Fe	1.4300029	4.5360799	5.7768481	9.0	7.0
29	Fe	4.2900000	4.5360799	5.7768481	9.0	7.0
30	Fe	7.1499971	4.5360799	5.7768481	9.0	7.0
31	Fe	0.0000000	6.3947663	0.0811551	9.0	7.0
32	Fe	2.8599971	6.3947663	0.0811551	9.0	7.0
33	Fe	5.7200029	6.3947663	0.0811551	9.0	7.0
34	Fe	0.0000000	10.0800354	5.1569614	9.0	7.0
35	Fe	2.8599971	10.0800354	5.1569614	9.0	7.0
36	Fe	5.7200029	10.0800354	5.1569614	9.0	7.0
37	Fe	0.0000000	9.1027286	1.2364480	9.0	7.0
38	Fe	2.8599971	9.1027286	1.2364480	9.0	7.0
39	Fe	5.7200029	9.1027286	1.2364480	9.0	7.0
40	Fe	0.0000000	11.5743262	2.5110753	9.0	7.0
41	Fe	2.8599971	11.5743262	2.5110753	9.0	7.0
42	Fe	5.7200029	11.5743262	2.5110753	9.0	7.0
43	Fe	0.0000000	7.6095890	3.8816306	9.0	7.0
44	Fe	2.8599971	7.6095890	3.8816306	9.0	7.0
45	Fe	5.7200029	7.6095890	3.8816306	9.0	7.0
46	Fe	1.4300029	8.2506388	5.7751214	9.0	7.0
47	Fe	4.2900000	8.2506388	5.7751214	9.0	7.0
48	Fe	7.1499971	8.2506388	5.7751214	9.0	7.0
49	Fe	1.4300029	11.7549252	4.4335364	9.0	7.0
50	Fe	4.2900000	11.7549252	4.4335364	9.0	7.0
51	Fe	7.1499971	11.7549252	4.4335364	9.0	7.0
52	Fe	1.4300029	10.9313578	0.6173287	9.0	7.0
53	Fe	4.2900000	10.9313578	0.6173287	9.0	7.0
54	Fe	7.1499971	10.9313578	0.6173287	9.0	7.0
55	Fe	1.4300029	7.4298853	1.9594253	9.0	7.0
56	Fe	4.2900000	7.4298853	1.9594253	9.0	7.0
57	Fe	7.1499971	7.4298853	1.9594253	9.0	7.0
58	Fe	1.4300029	9.5918297	3.1967047	9.0	7.0
59	Fe	4.2900000	9.5918297	3.1967047	9.0	7.0
60	Fe	7.1499971	9.5918297	3.1967047	9.0	7.0
Atoms.SpeciesAndCoordinates>

Atoms.UnitVectors.Unit             Ang
<Atoms.UnitVectors
     8.5800000     0.0000000     0.0000000
     0.0000000    12.7903000     0.0000000
     0.0000000     0.0000000     6.3952000
Atoms.UnitVectors>

scf.XcType                    GGA-PBE
scf.SpinPolarization          on
scf.ElectronicTemperature     300.0
scf.energycutoff              860
scf.maxIter                   100
scf.EigenvalueSolver          band
scf.Kgrid                     7  6  7
scf.Mixing.Type               rmm-diisk
scf.Init.Mixing.Weight        0.05
scf.Min.Mixing.Weight         0.01
scf.Max.Mixing.Weight         0.30
scf.Mixing.History            25
scf.Mixing.StartPulay         15
scf.criterion                 1.0e-9
scf.SpinOrbit.Coupling	      off                                
scf.Mulliken                  off                 
scf.Voronoi                   off

#
# MD or Geometry Optimization
#

MD.Type 		EF 		# Opt|DIIS|BFGS|RF|EF
MD.Opt.DIIS.History 	3 		# default=3
MD.Opt.StartDIIS 	5 		# default=5
MD.Opt.EveryDIIS 	200 		# default=200
MD.maxIter 		100 		# default=1
MD.Opt.criterion 	1.0e-4 		# default=0.0003 (Hartree/Bohr)


Dos.fileout                   off
Dos.Erange                    -25.0  20.0
Dos.Kgrid                     3  2  3

Band.dispersion               off
Band.Nkpath                   12
<Band.kpath
  13  0.000000 0.000000 0.000000   0.000000 0.000000 0.500000   G X
  10  0.000000 0.000000 0.500000   0.500000 0.000000 0.500000   X S
  13  0.500000 0.000000 0.500000   0.500000 0.000000 0.000000   S Y
  10  0.500000 0.000000 0.000000   0.000000 0.000000 0.000000   Y G
   7  0.000000 0.000000 0.000000   0.000000 0.500000 0.000000   G Z
  13  0.000000 0.500000 0.000000   0.000000 0.500000 0.500000   Z U
  10  0.000000 0.500000 0.500000   0.500000 0.500000 0.500000   U R
  13  0.500000 0.500000 0.500000   0.500000 0.500000 0.000000   R T
  10  0.500000 0.500000 0.000000   0.000000 0.500000 0.000000   T Z
   7  0.500000 0.000000 0.000000   0.500000 0.500000 0.000000   Y T
   7  0.000000 0.500000 0.500000   0.000000 0.000000 0.500000   U X
   7  0.500000 0.000000 0.500000   0.500000 0.500000 0.500000   S R
Band.kpath>
